446465
527019
446468
446469
36870
446471
366602
387092
387093
266265
452637
411684
270374
452662
180281
709983
224911
110662
472759
436308
523794
342108
331869
743525
311403
335992
530564
592010
225422
592015
338969
592026
592028
237727
333990
622759
481448
221359
221360
272568
272569
379066
444612
479431
479432
479433
479434
479435
479436
479437
216596
149715
317655
395495
399599
313587
313589
313590
63737
313594
313595
313596
313598
313603
313606
323848
502025
323850
338187
313612
264462
313624
313625
608538
313627
313628
450851
743722
633131
497965
96561
862514
565575
123214
665937
76114
153948
340322
749927
243090
399726
203120
203122
203123
203124
751992
403833
751994
393595
751996
399741
572480
469378
235909
469383
645512
394
491915
262543
252305
391574
762948
391586
391587
391589
391591
391592
391593
166314
391595
391596
391597
391598
391600
391601
391602
391603
246196
246197
391606
246200
391609
391612
391613
391615
391616
391619
391623
391626
272843
321955
41431
324057
78245
438753
643561
436717
716541
407976
375286
137722
281090
203267
762376
696844
582402
59919
59920
59922
59931
264732
485917
485918
498211
309798
309799
309801
246194
272942
246195
391735
236097
236100
754252
342610
266835
289376
197221
405948
465515
84588
518766
598659
903814
402881
383629
383631
655811
504472
326298
375451
240292
344747
684719
637616
484019
484022
395960
395961
395962
395963
266940
395965
684738
58051
279238
467661
318161
457427
318167
391904
273121
381666
273123
580327
367336
600809
434922
160492
363253
533240
706191
533247
555778
412419
443143
243159
310037
269084
377629
221988
351016
326442
521003
471852
471853
471854
471855
471856
471857
74546
74547
420662
471874
381764
508746
416591
521045
312153
525146
564065
457570
926570
244592
314225
316274
316275
160628
314230
314231
314232
121723
357244
93058
93059
93060
138119
187272
521098
314253
314254
314256
314260
314261
314262
314264
314265
314266
314267
232348
314269
314270
314271
545696
156578
314275
314276
314277
314278
449447
314280
156586
232363
314285
314287
314288
314289
314290
314291
314292
293826
439235
349124
525257
399795
429009
43989
637910
650199
650201
312284
525280
254945
525282
525284
314345
644076
394221
697329
504832
115713
287752
644107
338966
513049
873517
228400
570417
228405
666681
572477
60480
60481
529507
224324
498761
212042
207949
189518
439375
207954
439481
582744
265311
89187
445970
476272
445971
351348
445972
318586
1148
470146
373903
871571
644283
322710
454169
591001
713887
265072
485915
537457
658600
485916
557598
246969
439482
439483
644284
551115
439493
439495
439496
439497
439499
156889
515622
392423
556268
300269
109807
314608
398578
398580
933115
888066
448385
103690
392499
519441
191768
400668
177437
257310
177439
406817
392484
283942
517417
517418
521095
388396
388399
388400
32049
32051
392500
388413
634176
91464
349521
251221
638300
638303
709986
359786
436114
159087
216432
247156
52598
351607
244596
218491
398720
435591
351627
298386
118168
314607
500635
441768
314268
357804
357808
69042
335284
521460
525898
272629
1140
402882
146891
56780
226186
62928
343509
272633
243164
546271
546272
546274
269798
595537
269800
460265
314279
445932
581103
220664
458233
220668
314282
382464
443906
314283
290317
523791
411154
744979
744980
744981
744983
744984
744985
243233
980517
595494
349741
404589
393480
745014
50743
292414
292415
243265
196162
525897
87626
525903
525904
478801
634452
525909
290398
290399
290400
317025
290402
323097
292459
167539
316278
167542
325240
167546
507522
388739
634500
634502
634503
85643
296591
316279
358681
298653
360094
749219
243365
536231
360104
382640
335541
335543
323261
626369
290512
906968
693978
165597
741091
480224
501479
161528
384765
272129
370438
161544
396588
64471
235279
444177
167555
126740
585501
380703
585506
562981
388401
414684
321327
573235
321332
388919
761659
693216
411461
290633
411466
431947
380749
411471
247633
247634
247639
626523
411485
376686
324925
65393
661367
391037
264731
378753
266117
526218
526224
526225
526226
331678
557723
888741
888742
221109
573370
266779
288705
632772
167879
434131
198628
204773
563178
59374
526321
526322
329726
702454
391165
446462
